IBxx = 5.55605664918
IBxz = 2.04399182523
IByy = 25.06012355961	
IBzz = 23.52409141966
IFxx = 0.027 
IFyy = 0.052
IHxx = 0.07577148120
IHxz = 0.03034277154
IHyy = 0.08696201242
IHzz = 0.01550348533
IRxx = 0.02 
IRyy = 0.04
c = 0.089
g = 9.81
lam=0.129154
mB = 106.216
mF = 1.81
mH = 3.17
mR = 1.14
rF = 0.2445
rR = 0.2445
w = 1.092
xB = 0.68151
xH = 1.0
yB = 0.0
zB = -0.39088
zH = -0.604
xcl = 1.24
zcl = -0.405