IBxx = 5.49054712012
IBxz = 1.00611439369
IByy = 23.29478625884
IBzz = 21.76646228793
IFxx = 0.04397090786 
IFyy = 0.08776322498
IHxx = 0.07577148120
IHxz = 0.03034277154
IHyy = 0.08696201242
IHzz = 0.01550348533
IRxx = 0.04397090786 
IRyy = 0.08776322498
c = 0.038
g = 9.81
lam = 0.3526
mB = 110.8
mF = 1.86
mH = 3.17
mR = 1.86
rF = 0.3071690122
rR = 0.3071690122
w = 1.298
xB = 0.76445
xH = 1.108
yB = 0.0
zB = -0.39758
zH = -0.604
xcl = 1.3
zcl = -0.355
