rR=0.338636246059
rF=0.330178297654
IRxx=0.0631453461349
IHzz=0.0226542033582
d3=0.0385
d1=0.971071657135
xH=0.959729631021
zH=-0.719194693301
IBxx=9.85071732558
IBxz=-2.06711292741
xB=0.295358107839
IBzz=2.65456936686
zB=-1.07336397678
IFxx=0.0630217806175
IHyy=0.100046065707
mF=1.5
mB=76.48
IFyy=0.106274408168
mH=2.52
mR=1.94
IRyy=0.100909164546
c=0.0723512958768
g=9.81
IByy=10.1328412621
w=1.07
v=1.0
IHxx=0.11466488913
IHxz=-0.0182530110701
lam=0.329867228627
