rR=0.332088156971
rF=0.333838861345
IRxx=0.0553472759338
IHzz=0.0396106018108
d3=0.0315
d1=0.92061027782
xH=0.906321313298
zH=-0.732376356772
IBxx=9.97823319202
IBxz=-2.12302552044
xB=0.296304188576
IBzz=2.64767743966
zB=-1.07198359651
IFxx=0.0552267034481
IHyy=0.069253053453
mF=1.58
mB=76.49
IFyy=0.10618332427
mH=2.27
mR=1.38
IRyy=0.0764143975968
c=0.0617300113263
g=9.81
IByy=10.2705785413
w=0.989
v=1.0
IHxx=0.0979880530249
IHxz=-0.0044084941665
lam=0.275762021815
