IBxx = 14.0147225568
IBxz = -0.184167008919+/-0.0427486390182
IByy = 15.7807837697+/-0.0501923415889
IBzz = 3.98135381293+/-0.0224880681944
IFxx = 0.0524475128396+/-0.000168690908608
IFyy = 0.0983720589324+/-0.000678080004122
IHxx = 0.337554885857+/-0.00293771473148
IHxz = -0.0996346010819+/-0.0014217691269
IHyy = 0.339925043172+/-0.00401223893069
IHzz = 0.109427327145+/-0.000794484820173
IRxx = 0.0700963804567+/-0.000225450850594
IRyy = 0.12934189355+/-0.000591786942138
c = 0.0717614614396+/-0.000121317096636
g = 9.81+/-0.01
lam = 0.350468370354+/-0.000231210130478
mB = 102.052920866+/-0.01
mF = 1.55+/-0.01
mH = 5.4+/-0.0141421356237
mR = 4.9+/-0.01
rF = 0.335572561302+/-9.1888149237e-06
rR = 0.332528026978+/-9.1888149237e-06
w = 1.07592990113+/-0.000152063917072
xB = 0.342571291017+/-0.00158237421039
xH = 0.80923098055+/-0.00134906317764
zB = -1.02518720959+/-0.00101889331167
zH = -0.977411795466+/-0.00162378012019
