IBxx=13.9966729648
IBxz=-0.611306478417
IByy=15.4632715712
IBzz=4.42817845779
IFxx=0.0524475128396
IFyy=0.0983720589324
IFzz=0.0524475128396
IHxx=0.337554885857
IHxz=-0.0996346010819
IHyy=0.339925043172
IHzz=0.109427327145
IRxx=0.0700963804567
IRyy=0.12934189355
IRzz=0.0700963804567
c=0.0717614614396
g=9.81
lambda=0.350468370354
mB=106.4
mF=1.55
mH=5.4
mR=4.9
rF=0.335572561302
rR=0.332528026978
w=1.07592990113
xB=0.332350089299
xH=0.80923098055
zB=-1.02216997875
zH=-0.977411795466
