rR=0.338477091116
rF=0.340003929196
IRxx=0.0915638688049
IHzz=0.0446354617362
d3=0.045
d1=0.947659541847
xH=0.910657326708
zH=-0.730281215876
IBxx=10.9466405003
IBxz=-2.11113087653
xB=0.294127677026
IBzz=2.82536413282
zB=-1.05200527378
IFxx=0.0938708065731
IHyy=0.144573270535
mF=3.334
mB=79.22
IFyy=0.156857407701
mH=3.04
mR=3.96
IRyy=0.154461181315
c=0.0562699871181
g=9.81
IByy=11.3696073243
w=1.037
v=1.0
IHxx=0.176843089463
IHxz=-0.0273368021124
lambda=0.294960643587
