rR=0.341375110244
rF=0.341877060449
IRxx=0.0851494613803
IHzz=0.0293802313562
d3=-0.0565
d1=0.985741046427
xH=0.918984961179
zH=-0.816256856812
IBxx=8.98753406165
IBxz=-2.09822004617
xB=0.296242101567
IBzz=2.62419233733
zB=-1.08750792438
IFxx=0.0876707037111
IHyy=0.119464974274
mF=1.9
mB=75.31
IFyy=0.146703268625
mH=2.45
mR=2.57
IRyy=0.148842851075
c=0.180294938773
g=9.81
IByy=9.26736806197
w=0.985
v=1.0
IHxx=0.147497046943
IHxz=-0.0171847756143
lambda=0.338593874887
